           1           2   1.43816631438872     
           2           3   1.40846027880512     
           1           4  0.101953886435638     
           3           4   1.40605874832306     
           4           5   1.40064487638440     
           1           6   1.39449430963896     
           5           6   1.31855937205295     
           1           7  0.967403756711635     
           2           8  0.967756235977062     
           4           9  0.965833311222983     
           5          10   1.03998495909942     
          10          11  0.885395384492983     
           6          12   1.03954975819672     
          12          13  0.885838283734279     
           3          14   1.01434478293349     
          14          15  0.970250418786963     
          14          16  0.973023769513064     
          14          17  0.985256445255146     
          17          18  0.974754036143897     
          17          19  0.969040054733030     
          17          20   1.02700868307300     
          20          21  0.963283163105986     
          20          22  0.968198298125029     
