   -0.07187104
   -0.05341603
    0.00440041
   -0.06740465
    0.12724342
    0.10115862
   -0.38667437
   -0.41358237
   -0.06998425
    0.02234375
   -0.26714908
    0.03035072
    0.03844536
    0.05571116
    0.31892264
    0.29945639
    0.05394381
    0.04420875
    0.03244392
    0.00906311
    0.16253253
    0.19279458
   -0.01871990
   -0.45056477
    0.29756509
   -0.03827652
    0.03744961
   -0.10770337
    0.03654918
    0.05355172
    0.04805808
    0.00369418
   -0.03910926
   -0.04497736
   -0.02928330
    0.02669773
   -0.03218581
    0.03678555
   -0.03301390
    0.03077156
    0.02973710
    0.03003702
