           1           2   1.42540169819516     
           2           3   1.41511795853871     
           3           4   1.40574304494259     
           4           5   1.39294988975243     
           1           6   1.40588062082771     
           5           6   1.30021541403200     
           5           7   1.08143483991167     
           6           8   1.03763267521506     
           3           9   1.01176946230151     
           9          10  0.986055469643089     
          10          11   1.01351854532709     
           1          12  0.966211289508353     
           2          13  0.969222883345208     
           4          14  0.965597936171777     
           7          15  0.875757899688263     
           8          16  0.889563302862805     
           9          17  0.971258334423520     
           9          18  0.972702699033332     
          10          19  0.972213453986199     
          10          20  0.964873276566295     
          11          21  0.942663317617381     
          11          22   1.00685811952620     
          22          23  0.944622992872900     
          22          24  0.996287576062243     
          24          25  0.880960518147294     
          22          26  0.939096578434378     
          26          27  0.960417571456401     
          26          28   1.00725532759672     
          28          29  0.986433972363877     
          28          30  0.983844663442551     
          28          31  0.982593781993150     
          26          32   1.00455082559446     
          32          33   1.40214486186739     
          32          34   1.40989905436800     
          33          35   1.45273062844040     
          34          35  0.109002080027366     
          33          36  0.969088907253986     
          33          37  0.111537936276672     
          34          37   1.43844838355074     
          34          38  0.965168927167074     
          32          39  0.108479421075893     
          35          39   1.43224922258627     
          37          39   1.44334064773765     
          35          40  0.971057992266568     
          37          41  0.971236089930759     
          39          42  0.971499374271334     
