           1           2   1.48032171530011     
           2           3   1.31113967524876     
           3           4   1.31519761138802     
           4           5   1.43641536559179     
           1           6   1.36323016221362     
           5           6   1.30120196667883     
           1           7  0.965468606316119     
           2           8  0.969030220155084     
           4           9  0.968157585897823     
           5          10   1.02477353990053     
          10          11  0.890772878702609     
           6          12  0.975827985579975     
          12          13  0.905128620499784     
           3          14   1.12580248300750     
          14          15  0.980114676445691     
          14          16  0.973817382847601     
          14          17  0.753768329795603     
          17          18  0.936086173317293     
          17          19  0.971165704966814     
           3          20  0.115742002495106     
          17          20   1.28753144645602     
          20          21  0.979027286572182     
