           1           2   1.49213145638220     
           2           3   1.28352374630995     
           3           4   1.28969138098263     
           4           5   1.48801607602868     
           1           6   1.40243741665217     
           5           6   1.40598307115237     
           3           7  0.751628799721593     
           7           8   1.01793560428052     
           3           9  0.460599378320503     
           7           9   1.09122252016802     
           9          10   1.22906387202008     
           1          11  0.962432069166609     
           2          12  0.963258587197325     
           4          13  0.958332032251054     
           7          14  0.950826561611856     
           8          15  0.977119951116740     
           8          16  0.973602410358863     
           6          17  0.963610699490340     
           5          18  0.962638148188743     
           9          19  0.953452370137805     
           8          20  0.960404569388244     
          10          21  0.854507638816093     
