           1           2   1.44777200381590     
           2           3   1.40808056255183     
           1           4  0.110846826705547     
           3           4   1.41647824967968     
           2           5  0.111738955081184     
           4           5   1.44126732913349     
           1           6   1.43646997849710     
           3           6  0.109003802394582     
           5           6   1.44094643866254     
           1           7  0.970775949158965     
           2           8  0.968049538959933     
           4           9  0.968827600030073     
           3          10  0.977457535813309     
          10          11  0.933275726839542     
          10          12  0.994208882636673     
          12          13  0.983259246840834     
          12          14  0.985172039292363     
           6          15  0.971269773292469     
           5          16  0.970808411543922     
          10          17  0.985923646081007     
          17          18  0.931102353213644     
          12          19  0.987322824814075     
          17          20   1.92950862901813     
